211
213
273
334
287
288
323
294
362
314
314
376
267
280
339
303
302
364
280
363
285
316
404
301
235
237
342
314
379
271
288
370
313
322
441
330
354
346
346
345
441
401
393
496
424
513
385
371
468
448
400
463
567
436
532
422
455
553
481
444
330
258
281
322
279
300
291
255
343
279
273
321
222
231
319
240
244
339
234
194
323
258
258
325
218
285
364
290
302
447
277
227
234
248
328
278
162
250
347
260
261
348
271
272
290
281
412
313
249
294
317
329
389
369
367
229
349
397
291
300
825
902
1107
1188
1095
1070
1154
870
877
1179
1025
974
824
940
958
1049
905
951
1037
768
900
950
948
938
797
793
980
868
879
986
799
627
921
884
822
851
610
717
853
709
846
831
939
788
763
850
984
747
832
774
906
857
1116
1047
982
1028
1065
1270
1185
1359
789
852
1289
1179
1268
1325
1183
1164
1256
1330
1240
1119
1174
1209
1311
1322
1296
1107
1118
1161
1195
1272
1130
931
1229
1076
1061
1137
1090
1123
1134
1048
1113
1053
987
1017
979
1010
1044
1129
913
1099
989
839
857
948
767
961
600
547
503
7
3
442
12
310
456
411
405
323
13
331
425
348
318
311
144
315
43
322
149
297
107
174
38
576
581
480
486
570
463
563
558
431
589
496
605
187
816
758
735
757
756
965
775
661
771
649
620
66
621
268
762
43
678
162
491
98
340
99
74
61
97
58
101
64
108
121
109
96
83
95
136
7
19
20
80
19
15
103
95
25
96
10
76
91
57
87
54
65
68
70
61
685
2098
2022
515
2059
2372
544
2108
2021
510
2323
1984
1192
